tec =

 Columns 1 through 11:

   -3.29800   -3.82000   -3.11400   -2.00700   -2.57300   -2.54600   -1.87700   -2.28900   -3.20100   -1.80900   -1.91100

 Columns 12 through 22:

   -1.11900   -3.09000   -2.12900   -1.40900   -0.75500   -2.87500   -1.75800   -2.16000   -1.81400   -1.04800   -1.84600

 Columns 23 through 33:

   -1.20600   -1.00600   -1.93000   -2.41900   -2.13300   -3.15400   -1.29300   -1.64600   -2.97600   -3.20700   -2.44300

 Columns 34 through 44:

   -0.61500   -3.95000   -2.74900   -3.17600   -2.05400   -1.26100   -0.66000   -0.49000   -0.89900   -2.10400   -3.57800

 Columns 45 through 55:

   -3.88500   -4.44300   -2.96000   -4.08100   -4.03700   -1.16300   -0.26800   -1.39400   -0.83300   -1.34200   -1.14000

 Columns 56 through 66:

   -2.69400   -0.99200   -4.56200   -2.10700    1.98200    1.87100    0.45400    0.22400    0.48600    0.82000   -3.58400

 Columns 67 through 77:

   -0.86200   -2.37600   -2.24200   -3.25500   -3.13000   -1.76000   -0.17100   -1.79100   -3.69200    0.31300   -1.95700

 Columns 78 through 88:

    0.54300    0.60600   -1.00100   -0.99700   -1.71900   -1.82500    0.93000    0.08200   -1.17700   -0.93700   -4.87300

 Columns 89 through 99:

   -3.98800   -4.26900   -6.35600   -2.07600   -2.15500   -3.57400   -0.02700   -3.36200   -3.57600    0.00000   35.90000

 Columns 100 through 110:

   -3.01800   -3.64200   -3.01700   -3.23400   -3.41000   -2.53400   -2.71800   -2.32800   -3.08800   -1.33300   -2.41400

 Columns 111 through 121:

   -2.45300   -2.32200   -2.41300   -3.40200   -2.57800   -2.66200   -2.93100   -2.79300   -2.24700   -2.58300   -2.07300

 Columns 122 through 132:

   -1.15300   -2.68800   -2.93100   -2.33800   -2.67100   -2.30600   -2.19400   -2.62500   -3.56200   -1.51800   -0.90600

 Columns 133 through 143:

   -2.02100   -1.25800   -1.61400   -3.24400   -3.44700   -1.37000   -2.59600   -3.80100   -0.93000   -2.08500   -3.83800

 Columns 144 through 154:

   -1.23900   -2.77000   -2.70500   -0.74700   -2.31500   -3.21700   -1.45200   -1.69900   -2.29700   -3.18200   -2.12400

 Columns 155 through 165:

   -3.13400   -3.35700   -2.27400   -3.63300   -2.70400   -2.13700   -1.73200   -2.12400   -2.31200   -1.88500   -1.63700

 Columns 166 through 176:

   -1.26200   -3.32700   -2.21800   -2.59900   -2.77800   -0.89300   -1.32600   -0.89600   -1.21100   -3.02500   -2.58900

 Columns 177 through 187:

   -0.87600   -1.53200   -0.03600   -1.62200   -0.94300   -1.62200   -1.61700   -0.46200   -1.97600   -2.74700   -1.59700

 Columns 188 through 198:

   -0.51900   -2.87500   -2.65900   -1.85300   -3.27800   -3.02600   -1.52900   -3.67000   -3.72500   -2.96300   -3.37100

 Columns 199 through 209:

   -2.76400   -2.91700   -2.59800   -2.35000   -2.48800   -2.13200   -2.43000   -2.94400   -2.65600   -1.84100   -0.54300

 Columns 210 through 220:

   -2.09700   -2.29700   -1.55700   -2.19900   -2.46700   -2.60700   -1.46500   -1.63700   -1.56400   -1.00200   -3.04200

 Columns 221 through 231:

   -0.82200   -1.20100   -1.47400   -1.78200   -2.23200   -2.20100   -2.23100   -2.12600   -2.23100   -2.03600   -1.50600

 Columns 232 through 242:

   -2.50100   -1.94600   -2.51900   -1.42900   -1.50300   -2.72800   -2.16900   -1.69800   -2.22300   -2.19700   -2.90900

 Columns 243 through 253:

   -2.72900   -2.19000   -1.88200   -2.06200   -1.79400   -1.99900   -2.25600   -1.89700   -2.09600   -2.05600   -1.99900

 Columns 254 through 264:

   -2.34900   -1.98000   -1.92000   -2.50000   -1.34000   -2.00500   -1.66300   -2.18500   -1.81000   -1.19300   -1.57100

 Columns 265 through 275:

   -2.69600   -2.84300   -2.57600   -1.93200   -1.94300   -1.97800   -1.48500   -1.54300   -2.13900   -1.76100   -2.04000

 Columns 276 through 286:

   -1.98000   -1.59500   -1.94500   -1.80700   -1.92600   -2.08500   -1.63100   -1.81500   -2.34500   -1.92900   -1.69800

 Columns 287 through 297:

   -1.88000   -1.96200   -1.97800   -2.27800   -2.04000   -2.01700   -1.84400   -1.83100   -1.68200   -2.28300   -2.08300

 Columns 298 through 308:

   -1.99800   -1.77400   -1.61700   -1.46600   -1.91200   -1.90700   -1.72400   -1.51300   -1.62800   -1.90100   -1.84200

 Columns 309 through 319:

   -2.06300   -2.10100   -1.61200   -1.25800   -1.34900   -1.66200   -2.07800   -1.91600   -1.65700   -1.69000   -1.55800

 Columns 320 through 330:

   -1.22500   -1.00600   -1.41000   -1.37900   -1.53100   -1.43500   -1.67700   -1.97000   -1.98100   -1.82200   -1.40600

 Columns 331 through 341:

   -1.42400   -1.45700   -1.43600   -1.76900   -1.55000   -1.11100   -1.35200   -1.54600   -1.85000   -1.52800   -1.52400

 Columns 342 through 352:

   -1.06400   -1.05400   -1.44400   -1.78800   -1.47400   -1.75300   -1.48300   -1.93600   -1.98100   -1.92500   -1.67200

 Columns 353 through 363:

   -1.48600   -1.51800   -1.80600   -1.73900   -1.90600   -1.84700   -1.52500   -1.46900   -1.46000   -1.62100   -1.76500

 Columns 364 through 374:

   -2.00600   -1.69200   -1.39800   -1.74500   -1.19000   -1.13700   -1.86100   -1.69400   -2.20800   -1.59800   -1.59900

 Columns 375 through 385:

   -2.07800   -1.76900   -1.79400   -1.53700   -1.61300   -1.57700   -1.95700   -1.76100   -1.56800   -1.54200   -1.07000

 Columns 386 through 396:

   -1.33200   -1.58400   -1.47700   -1.56500   -1.36900   -1.08500   -1.17300   -1.24600   -1.15200   -1.53000   -1.57400

 Columns 397 through 407:

   -1.38300   -1.35800   -1.37300   -1.57200   -1.70900   -1.35800   -1.23000   -1.15900   -0.93700   -1.80400   -1.95800

 Columns 408 through 418:

   -1.77900   -1.41300   -1.27800   -1.20800   -1.39400   -1.59700   -1.56500   -1.20800   -1.31400   -1.29900   -1.96900

 Columns 419 through 429:

   -1.90900   -1.50800   -1.29900   -1.43000   -1.64500   -1.59200   -1.58100   -1.58100   -1.27100   -0.84700   -0.71400

 Columns 430 through 440:

   -1.11200   -1.64300   -1.23200   -1.38200   -1.64200   -1.56200   -1.85500   -1.38400   -1.11600   -1.50100   -1.15200

 Columns 441 through 451:

   -1.00100   -1.21300   -1.15400   -1.13700   -1.15900   -1.66300   -1.64400   -1.82600   -1.74500   -1.45400   -1.58300

 Columns 452 through 462:

   -1.31800   -1.61600   -1.54200   -1.47600   -1.39300   -1.33900   -1.16900   -1.67300   -1.90600   -1.63100   -2.16000

 Columns 463 through 473:

   -1.72800   -1.35000   -1.52600   -1.43000   -1.58900   -1.30300   -1.58200   -1.91200   -1.72300   -1.29700   -1.80500

 Columns 474 through 484:

   -1.79400   -1.49100   -1.47800   -1.73800   -1.40200   -1.50200   -1.02800   -1.30700   -1.55400   -1.32400   -1.18900

 Columns 485 through 495:

   -0.91100   -0.97700   -1.49600   -1.36500   -1.48500   -1.37600   -1.30600   -1.03700   -1.47100   -0.96800   -1.62600

 Columns 496 through 506:

   -1.72200   -0.83300   -1.22100   -1.25000   -1.54300   -1.17300   -1.14400   -0.87900   -1.39000   -1.00600   -1.52700

 Columns 507 through 517:

   -1.38000   -1.31700   -1.03800   -1.22800   -1.02900   -1.51900   -1.27600   -1.23600   -1.60200   -1.46200   -2.16200

 Columns 518 through 528:

   -1.76400   -1.73700   -1.51600   -1.24000   -1.79100   -1.10200   -0.95300   -1.17100   -1.65000   -1.56700   -1.82400

 Columns 529 through 539:

   -1.80100   -1.70200   -2.06300   -1.45300   -1.73900   -1.10200   -1.51200   -1.14200   -1.06300   -1.14000   -1.03200

 Columns 540 through 550:

   -1.44500   -1.57500   -1.73400   -1.38600   -1.96700   -1.60700   -1.41000   -0.87100   -1.38100   -1.11900   -1.44300

 Columns 551 through 561:

   -1.64500   -1.54200   -1.77800   -1.78900   -1.37000   -1.55200   -1.30100   -0.98500   -1.43600   -1.34800   -1.12000

 Columns 562 through 572:

   -1.45700   -1.26400   -1.19400   -2.31200   -2.19600   -2.36400   -2.35700   -1.72300   -1.81600   -1.96000   -0.88000

 Columns 573 through 583:

   -1.53000   -0.55100   -1.26000   -1.02600   -1.21900   -1.57200   -1.35100   -1.52300   -1.35500   -1.51200   -1.14000

